共计101个标签
“<”共计101个     “>”共计101个

1     15     15   标签:<!doctype html>
18     23     6   标签:<html>
26     31     6   标签:<head>
43     51     9   标签:</strong>
52     55     4   标签:</p>
56     58     3   标签:<p>
112     115     4   标签:</p>
116     118     3   标签:<p>
253     256     4   标签:</p>
257     259     3   标签:<p>
421     424     4   标签:</p>
425     427     3   标签:<p>
602     605     4   标签:</p>
606     608     3   标签:<p>
756     759     4   标签:</p>
760     762     3   标签:<p>
911     914     4   标签:</p>
915     917     3   标签:<p>
1026     1029     4   标签:</p>
1030     1033     4   标签:<h2>
1052     1056     5   标签:</h2>
1057     1059     3   标签:<p>
1060     1067     8   标签:<strong>
1083     1091     9   标签:</strong>
1092     1095     4   标签:</p>
1096     1098     3   标签:<p>
1151     1154     4   标签:</p>
1155     1157     3   标签:<p>
1287     1290     4   标签:</p>
1291     1293     3   标签:<p>
1482     1485     4   标签:</p>
1486     1488     3   标签:<p>
1690     1693     4   标签:</p>
1694     1696     3   标签:<p>
1877     1880     4   标签:</p>
1881     1883     3   标签:<p>
2036     2039     4   标签:</p>
2040     2042     3   标签:<p>
2185     2188     4   标签:</p>
2193     2196     4   标签:<h2>
2215     2219     5   标签:</h2>
2220     2222     3   标签:<p>
2223     2230     8   标签:<strong>
2244     2252     9   标签:</strong>
2253     2256     4   标签:</p>
2257     2259     3   标签:<p>
2311     2314     4   标签:</p>
2315     2317     3   标签:<p>
2420     2423     4   标签:</p>
2424     2426     3   标签:<p>
2571     2574     4   标签:</p>
2575     2577     3   标签:<p>
2743     2746     4   标签:</p>
2747     2749     3   标签:<p>
2895     2898     4   标签:</p>
2899     2901     3   标签:<p>
2985     2988     4   标签:</p>
2989     2991     3   标签:<p>
3105     3108     4   标签:</p>
3109     3111     3   标签:<p>
3148     3151     4   标签:</p>
3156     3159     4   标签:<h2>
3178     3182     5   标签:</h2>
3183     3185     3   标签:<p>
3186     3193     8   标签:<strong>
3207     3215     9   标签:</strong>
3216     3219     4   标签:</p>
3220     3222     3   标签:<p>
3350     3353     4   标签:</p>
3354     3356     3   标签:<p>
3549     3552     4   标签:</p>
3553     3555     3   标签:<p>
3747     3750     4   标签:</p>
3751     3753     3   标签:<p>
3953     3956     4   标签:</p>
3957     3959     3   标签:<p>
4095     4098     4   标签:</p>
4099     4101     3   标签:<p>
4250     4253     4   标签:</p>
4258     4261     4   标签:<h2>
4280     4284     5   标签:</h2>
4285     4287     3   标签:<p>
4288     4295     8   标签:<strong>
4309     4317     9   标签:</strong>
4318     4321     4   标签:</p>
4322     4324     3   标签:<p>
4387     4390     4   标签:</p>
4391     4393     3   标签:<p>
4543     4546     4   标签:</p>
4547     4549     3   标签:<p>
4699     4702     4   标签:</p>
4703     4705     3   标签:<p>
4862     4865     4   标签:</p>
4866     4868     3   标签:<p>
4986     4989     4   标签:</p>
4990     4992     3   标签:<p>
5096     5099     4   标签:</p>
5100     5102     3   标签:<p>
5191     5194     4   标签:</p>
5195     5197     3   标签:<p>
5315     5318     4   标签:</p>
